# Non-talent spell ids with local tooltips from Spell.csv. Maintained by tools/gen_server_spell_tooltips.py
10
17
45
56
65
66
71
75
78
94
96
100
101
116
120
131
133
134
143
145
172
205
285
324
325
348
403
421
435
439
441
475
490
520
529
541
548
563
565
585
588
589
591
594
598
602
603
633
645
657
686
688
689
691
695
697
699
705
707
709
712
719
758
768
769
770
779
780
785
805
837
871
879
880
905
915
930
943
945
970
980
984
992
1004
1006
1014
1082
1088
1094
1106
1120
1160
1449
1454
1455
1456
1495
1510
1535
1719
1786
1787
1856
1966
1978
2120
2121
2136
2137
2138
2139
2457
2458
2565
2643
2687
2767
2800
2812
2825
2860
2912
2941
2944
2948
2973
2974
3043
3044
3045
3110
3140
5143
5144
5145
5176
5177
5178
5179
5180
5229
5242
5277
5302
5394
5487
5570
5614
5615
5675
5676
5740
6041
6060
6141
6150
6190
6192
6217
6219
6222
6223
6296
6353
6375
6377
6547
6554
6572
6574
6673
6774
6780
6788
6789
7128
7322
7373
7379
7386
7641
7648
7651
7712
7799
7800
7801
7802
7814
7815
7816
8024
8027
8030
8033
8038
8042
8044
8045
8046
8050
8052
8053
8056
8058
8071
8075
8092
8102
8103
8104
8105
8106
8134
8143
8154
8155
8160
8161
8190
8191
8232
8235
8288
8289
8400
8401
8402
8406
8407
8408
8412
8413
8416
8417
8422
8423
8427
8437
8438
8439
8444
8445
8446
8498
8499
8512
8516
8647
8835
8905
8921
8924
8925
8926
8927
8928
8929
8949
8950
8951
9057
9591
9632
9634
9754
9830
9833
9834
9835
9846
9850
9858
9875
9876
9881
9885
9898
9907
9908
9910
9912
10148
10149
10150
10151
10157
10179
10180
10181
10185
10186
10187
10197
10199
10201
10202
10205
10206
10207
10211
10212
10215
10216
10220
10293
10299
10301
10310
10312
10313
10314
10318
10368
10391
10392
10406
10407
10408
10412
10413
10414
10431
10432
10442
10447
10448
10456
10462
10463
10472
10473
10479
10486
10495
10496
10497
10538
10585
10586
10587
10601
10605
10608
10610
10613
10614
10627
10797
10892
10893
10894
10901
10917
10933
10934
10938
10945
10946
10947
10951
10952
10958
11198
11294
11314
11315
11327
11374
11549
11550
11551
11554
11555
11556
11567
11572
11573
11574
11585
11597
11600
11601
11605
11659
11660
11661
11665
11667
11668
11671
11672
11675
11677
11678
11687
11688
11689
11699
11700
11708
11711
11712
11713
11717
11722
11735
11762
11763
11767
11778
11779
11780
12043
12051
12472
12505
12522
12523
12524
12525
12526
12654
12686
12766
12815
12861
13018
13019
13020
13021
13031
13032
13033
13165
13219
13318
13494
13526
13533
13549
13550
13551
13552
13553
13554
13555
13603
13795
13813
13964
14169
14183
14260
14261
14262
14263
14264
14265
14266
14267
14268
14269
14270
14271
14278
14281
14282
14283
14284
14285
14286
14287
14288
14289
14290
14294
14295
14302
14303
14304
14305
14311
14316
14317
14318
14319
14320
14321
14322
14325
14914
15107
15111
15112
15207
15208
15235
15261
15262
15263
15264
15265
15266
15267
15336
15337
15338
15366
15494
15600
15602
15604
15852
16190
16208
16246
16257
16277
16278
16279
16280
16316
16321
16322
16339
16341
16342
16355
16356
16362
16387
16406
16413
16414
16528
16551
16559
16560
16568
16597
16598
16599
16600
16601
16609
16840
16862
16870
16886
16898
16916
16921
16927
16928
17055
17059
17060
17061
17152
17196
17311
17312
17313
17314
17315
17330
17331
17333
17348
17352
17354
17359
17364
17392
17401
17402
17484
17504
17505
17511
17625
17800
17919
17920
17921
17922
17923
17924
17925
17926
17937
17941
17945
17947
17949
17962
18082
18180
18181
18203
18220
18264
18289
18499
18633
18652
18656
18696
18789
18790
18791
18792
18796
18797
18803
18807
18809
18817
18867
18868
18869
18870
18871
18879
18880
18881
18930
18931
18932
18937
18938
18979
18980
19276
19277
19278
19279
19280
19296
19299
19302
19303
19304
19305
19425
19746
19755
19838
19888
19891
19896
19898
19900
19943
20007
20116
20134
20140
20142
20154
20162
20178
20188
20190
20216
20217
20271
20287
20288
20289
20290
20291
20292
20293
20300
20301
20302
20303
20305
20306
20307
20308
20346
20355
20569
20572
20594
20900
20901
20902
20903
20904
20906
20911
20912
20913
20914
20915
20918
20919
20920
20922
20923
20924
20927
20928
20929
20930
21082
21142
21151
21153
21159
21162
21165
21170
21179
21183
21553
21838
21887
21919
21970
21992
22008
22639
22640
22783
22804
22812
22817
22820
22842
22850
22888
22895
22896
23060
23266
23513
23545
23548
23577
23580
23581
23582
23605
23686
23688
23689
23719
23723
23724
23725
23726
23736
23737
23738
23766
23768
23863
23864
23894
23925
24239
24255
24274
24275
24352
24353
24388
24389
24425
24427
24532
24544
24907
24932
24974
24975
24976
24977
25286
25288
25289
25290
25291
25292
25294
25295
25296
25297
25298
25299
25300
25304
25306
25307
25309
25311
25314
25315
25345
25357
25359
25361
25771
25780
25898
25899
25906
26107
26110
26168
26297
26363
26364
26365
26366
26367
26369
26370
26470
26573
27419
27498
27584
27656
27774
27775
27779
27781
27785
27787
27817
27841
28131
28308
29150
29155
29166
29177
29178
29203
29228
29602
29638
30165
31016
33487
33488
33491
33492
33493
33525
33541
33589
33610
33709
33720
33807
33809
33810
33811
33859
33977
34100
34237
34286
34534
34917
35326
35721
35827
35828
